18
25
28
31
43
46
55
57
58
61
63
64
70
71
74
90
106
110
112
119
121
126
134
136
137
143
145
152
156
163
168
174
176
183
185
188
189
194
196
199
200
208
209
213
215
217
219
222
229
240
244
245
246
247
249
251
252
259
265
275
276
277
284
285
287
288
291
295
307
309
310
311
313
314
321
322
323
324
332
335
336
341
347
348
353
354
355
358
360
361
363
365
366
368
373
374
375
377
378
379
382
383
384
389
391
394
403
404
413
417
418
419
423
424
425
439
442
445
446
448
453
463
466
468
472
476
479
480
481
485
493
494
498
502
510
511
512
515
516
519
522
523
525
526
527
529
535
540
545
550
551
553
556
560
568
569
570
571
579
583
584
586
593
595
596
603
613
614
615
618
622
636
638
644
645
646
649
651
654
660
661
662
663
669
675
679
680
681
685
687
689
690
692
694
696
703
704
705
708
710
713
715
716
717
724
725
726
727
732
735
741
743
747
750
751
754
755
763
768
778
785
787
796
797
798
799
806
812
816
819
821
822
824
825
828
831
832
834
854
855
858
859
863
869
870
871
872
873
876
883
885
892
898
902
912
915
916
919
923
926
927
931
936
937
944
952
959
960
966
967
969
970
973
978
979
981
984
985
989
990
997
999
1002
1006
1007
1012
1014
1016
1019
1022
1024
1041
1042
1048
1050
1051
1054
1057
1059
1063
1064
1069
1070
1079
1081
1082
1087
1092
1093
1094
1095
1096
1097
1100
1104
1106
1108
1110
1111
1114
1118
1120
1123
1127
1129
1130
1133
1138
1141
1149
1150
1153
1155
1156
1157
1159
1162
1164
1167
1169
1177
1178
1182
1183
1186
1189
1190
1192
1195
1198
1199
1201
1204
1207
1209
1210
1211
1212
1213
1216
1217
1218
1221
1224
1227
1229
1231
1233
1234
1238
1240
1243
1245
1246
1247
1250
1253
1254
1255
1259
1264
1269
1270
1273
1274
1277
1284
1285
1288
1295
1297
1303
1306
1307
1314
1317
1318
1320
1322
1323
1325
1328
1334
1335
1337
1338
1340
1349
1353
1354
1356
1361
1365
1367
1371
1377
1379
1387
1392
1393
1395
1396
1399
1400
1407
1412
1415
1416
1421
1424
1426
1427
1430
1434
1438
1439
1441
1446
1447
1454
1457
1460
1462
1468
1469
1470
1472
1482
1483
1484
1486
1487
1494
1496
1497
1502
1504
1506
1509
1512
1514
1516
1520
1522
1523
1524
1530
1531
1533
1539
1540
1541
1542
1548
1550
1556
1561
1562
1568
1569
1574
1575
1576
1582
1585
1587
1589
1592
1601
1603
1604
1607
1608
1610
1612
1613
1619
1620
1623
1627
1630
1632
1635
1647
1649
1650
1651
1656
1657
1664
1666
1669
1672
1673
1674
1677
1680
1681
1684
1686
1689
1691
1692
1695
1696
1699
1701
1703
1712
1714
1716
1717
1723
1729
1732
1735
1740
1745
1747
1751
1755
1757
1760
1761
1766
1771
1772
1774
1782
1794
1797
1803
1804
1805
1806
1808
1811
1813
1814
1817
1821
1822
1823
1825
1839
1841
1842
1843
1844
1848
1849
1852
1858
1860
1864
1865
1867
1870
1871
1872
1876
1879
1880
1882
1883
1884
1885
1890
1894
1898
1901
1903
1905
1906
1914
1919
1920
1926
1927
1933
1937
1940
1941
1942
1944
1951
1955
1958
1961
1963
1965
1974
1978
1979
1980
1982
1985
1991
1992
1993
1994
1999
2001
2003
2006
2007
2018
2021
2022
2024
2026
2029
2031
2034
2037
2039
2041
2044
2047
2053
2057
2060
2063
2067
2068
2069
2075
2076
2078
2079
2085
2086
2088
2091
2093
2099
2102
2108
2112
2113
2114
2115
2129
2130
2134
2135
2143
2145
2157
2159
2166
2167
2168
2169
2170
2172
2173
2174
2176
2185
2187
2189
2191
2194
2195
2196
2199
2202
2207
2217
2218
2223
2224
2229
2235
2251
2252
2255
2258
2259
2261
2262
2264
2265
2269
2274
2277
2280
2283
2289
2290
2291
2292
2296
2298
2300
2303
2306
2309
2313
2314
2315
2316
2320
2323
2330
2334
2339
2340
2342
2345
2346
2349
2350
2352
2359
2360
2361
2364
2365
2369
2373
2374
2379
2380
2382
